-0.0115261   0.999917 0.00580278    619.077
  0.999931  0.0115125 0.00236664    527.154
0.00229964 0.00582966   -0.99998     265.45
         0          0          0          1
-0.0937086   0.995596 0.00266671    590.449
  0.995596  0.0937009 0.00287671    492.331
0.00261417 0.00292454  -0.999992    259.991
         0          0          0          1
 -0.109048   0.993254 -0.0394291    559.801
  0.993793   0.108058 -0.0264418    485.253
-0.0220028 -0.0420678  -0.998872    284.749
         0          0          0          1
-0.00616799    0.999925   -0.010535     541.061
   0.997807  0.00545995  -0.0659625     558.073
    -0.0659  -0.0109188   -0.997766     302.299
          0           0           0           1
-0.121519   0.99253 0.0107942   541.583
 0.990902  0.120671 0.0595895   554.775
0.0578418 0.0179372 -0.998165   301.553
        0         0         0         1
  -0.18474   0.979424  0.0812371    572.174
  0.979896   0.189901  -0.061159    512.049
-0.0753276  0.0683054  -0.994817    264.533
         0          0          0          1
  0.161215   0.983423  0.0829963    524.091
  0.984906  -0.154948 -0.0771446    473.479
-0.0630057  0.0941805  -0.993559    273.492
         0          0          0          1
  0.245556   0.964447  0.0976905    545.929
  0.966893  -0.236462   -0.09593    458.927
-0.0694194   0.118013  -0.990583    253.652
         0          0          0          1
   -0.18465    0.980123   0.0725507     562.711
   0.982565     0.18573 -0.00837567      602.97
  -0.021684   0.0697392    -0.99733     263.901
          0           0           0           1
-0.353583  0.933835 0.0541431     560.1
 0.932431  0.347258 0.0999222   616.343
0.0745092 0.0858155 -0.993521   254.016
        0         0         0         1
-0.0988863   0.994241 -0.0413104     510.19
  0.993905   0.100715  0.0448271    598.189
 0.0487295 -0.0366258   -0.99814    255.918
         0          0          0          1
 -0.168655   0.985077  0.0343454    510.095
  0.984811   0.169864 -0.0359596    565.072
 -0.041257   0.027759  -0.998763     274.11
         0          0          0          1
 -0.270133   0.959641  0.0782138    542.622
   0.95654   0.276748 -0.0918758    518.241
 -0.109813   0.049996  -0.992694    274.842
         0          0          0          1
 -0.432118   0.897932  0.0836189    616.912
  0.898619   0.436533  -0.043852    527.874
-0.0758785  0.0561923  -0.995532    254.938
         0          0          0          1
  -0.34896   0.925369   0.148053    649.335
  0.929533   0.361868 -0.0708572    531.811
 -0.119145   0.112894  -0.986438     255.47
         0          0          0          1
-0.211799  0.975549 0.0586929   662.402
 0.977238  0.210653 0.0251358   593.033
0.0121573 0.0626806  -0.99796   254.859
        0         0         0         1
 -0.154319   0.987274 -0.0384034    648.206
  0.984047   0.157065  0.0835604    643.274
 0.0885289 -0.0248958  -0.995762    285.101
         0          0          0          1
-0.0985721   0.995089  0.0090567    672.459
  0.994991  0.0987065 -0.0158327    612.085
-0.0166489 0.00745067  -0.999834     310.73
         0          0          0          1
