           1   1.7476e-05 -4.89708e-08      859.993
 -1.7476e-05            1 -2.86332e-09 -3.43194e-06
 4.89708e-08  2.86418e-09            1      445.959
           0            0            0            1
    0.996647   -0.0818167 -0.000209236      883.772
   0.0818167     0.996647 -8.79445e-06      37.1492
 0.000209238 -8.34994e-06            1      440.494
           0            0            0            1
    0.9944 -0.0973993 -0.0410046    905.092
 0.0959387   0.994729 -0.0362018    42.7689
 0.0443145  0.0320652   0.998503    464.447
         0          0          0          1
   0.999951  0.00626144 -0.00765083     939.629
-0.00679693    0.997374  -0.0720968    -30.2487
 0.00717934   0.0721452    0.997368      482.91
          0           0           0           1
   0.994015   -0.109178  -0.0039069     939.973
   0.109222    0.992377   0.0570906     -9.2479
-0.00235592  -0.0571756    0.998361     482.774
          0           0           0           1
  0.981063  -0.172978  0.0871414    920.007
  0.177892   0.982668 -0.0521347    10.0052
-0.0766129  0.0666492   0.994831    446.005
         0          0          0          1
   0.98106   0.172978  0.0871741    959.999
 -0.167227   0.983466 -0.0694956    59.9989
 -0.097754  0.0536015   0.993766     455.99
         0          0          0          1
  0.960642   0.257372   0.104532    939.997
 -0.249006   0.964616 -0.0866685    70.0081
  -0.12314  0.0572282   0.990738    435.994
         0          0          0          1
    0.982413    -0.173192    0.0697797      939.998
    0.173616     0.984813 -1.20339e-05     -69.9961
  -0.0687179    0.0121267     0.997562      445.996
           0            0            0            1
  0.939127  -0.341792   0.034916    939.998
  0.336697   0.935801   0.104458   -69.9943
-0.0683772  -0.086343   0.993916    436.001
         0          0          0          1
  0.994831 -0.0870088 -0.0523488    970.005
 0.0888955   0.995431   0.034857   -50.0131
 0.0490768 -0.0393304    0.99802    436.009
         0          0          0          1
  0.987106  -0.156223   0.034878        980
  0.157426   0.986915 -0.0348822    -29.989
-0.0289722  0.0399232   0.998783    455.999
         0          0          0          1
  0.962226   -0.25793   0.087137    950.005
  0.265264   0.960259 -0.0868177  0.0067625
-0.0612813   0.106653   0.992406    456.004
         0          0          0          1
  0.902852  -0.421025  0.0871625    880.003
  0.425133   0.904462 -0.0347772   -14.9937
-0.0641931  0.0684543   0.995587    436.004
         0          0          0          1
  0.928118  -0.337838   0.156407    860.007
   0.34927   0.935595 -0.0516898   -24.9928
 -0.128871   0.102602   0.986339    435.999
         0          0          0          1
  0.978203  -0.200571  0.0537601    837.778
  0.199034   0.979449   0.032628   -70.3164
-0.0591995 -0.0212168   0.998021    435.997
         0          0          0          1
  0.988386  -0.142405 -0.0530502    840.447
  0.146156   0.986399  0.0752011    -110.14
 0.0416195 -0.0820812   0.995756    463.998
         0          0          0          1
   0.996215  -0.0863687  0.00980657     822.271
   0.086523    0.996112  -0.0165877    -96.4187
-0.00833579   0.0173734    0.999814      490.88
          0           0           0           1
